         0        0    2.3976535e-07    3.1772201e-07    0.00058592125
         0        1    1.4142103e-07    2.1779948e-07    0.00040165094
         0        2    -2.4563253e-08    1.4349199e-07    0.00026461813
         0        3    -2.4902943e-07    1.173797e-07    0.00021646364
         0        4    -8.7444496e-08    1.1352112e-07    0.0002093479
         0        5    -2.2939685e-07    6.0457185e-07    0.0011149102
         0        6    -2.0735471e-07    9.4411286e-08    0.00017410685
         0        7    -1.5943411e-07    1.9625611e-07    0.00036192212
         0        8    -2.9509535e-07    3.1142705e-07    0.00057431252
         0        9    -6.7252663e-07    3.2469685e-07    0.00059878378
         0        10    -2.8927292e-07    2.1941252e-07    0.0004046256
         0        11    1.8502669e-07    1.5240427e-07    0.00028105356
         0        12    1.1853328e-07    1.2644466e-07    0.00023318062
         0        13    1.9568933e-07    1.2235058e-07    0.00022563059
         0        14    -9.7022939e-08    1.2498313e-07    0.00023048537
         0        15    -2.1082429e-07    1.4337129e-07    0.00026439556
         0        16    9.3647191e-08    2.0219339e-07    0.00037287126
         0        17    5.1560263e-07    2.9646341e-07    0.0005467176
         0        18    2.0028571e-07    3.8870976e-07    0.00071683201
         0        19    2.6894689e-07    2.6271961e-07    0.00048448959
         0        20    2.1574556e-07    1.8869231e-07    0.00034797348
         0        21    -1.0258839e-07    1.5635327e-07    0.00028833603
         0        22    -2.4875288e-07    1.511525e-07    0.00027874512
         0        23    1.0409569e-07    1.5372821e-07    0.00028349507
         0        24    1.4151985e-07    1.7618041e-07    0.00032489989
         0        25    1.5593683e-07    2.4332069e-07    0.00044871541
         0        26    -4.6311556e-08    3.5682767e-07    0.00065803724
         0        27    -2.8225325e-07    4.7166517e-07    0.00086981272
         0        28    3.2136646e-07    3.5221165e-07    0.00064952469
         0        29    4.1344611e-07    2.5171185e-07    0.00046418982
         0        30    2.4726943e-07    2.1013674e-07    0.00038751984
         0        31    -1.658915e-08    2.0153343e-07    0.0003716542
         0        32    -1.0147657e-07    2.0779462e-07    0.00038320065
         0        33    -1.0001399e-07    2.3927749e-07    0.00044125922
         0        34    2.4307672e-07    3.3632498e-07    0.00062022758
         0        35    5.7650087e-07    5.0613586e-07    0.00093338122
         1        0    1.3753726e-07    6.4729065e-07    0.0011936892
         1        1    2.1410246e-07    4.984741e-07    0.00091925192
         1        2    -2.9383524e-07    3.4181549e-07    0.0006303528
         1        3    -5.2432712e-08    2.8900685e-07    0.00053296671
         1        4    2.6904693e-07    2.7152817e-07    0.00050073372
         1        5    1.8053052e-07    2.8112428e-07    0.00051843021
         1        6    1.4103123e-07    3.2163794e-07    0.00059314274
         1        7    9.7465557e-08    4.610372e-07    0.00085021335
         1        8    -4.4391469e-07    6.130926e-07    0.0011306235
         1        9    -2.9468071e-07    9.1763996e-07    0.001692249
         1        10    6.2590958e-07    6.150653e-07    0.0011342615
         1        11    -2.7841359e-07    4.6587895e-07    0.00085914218
         1        12    3.4795389e-07    3.9174294e-07    0.0007224256
         1        13    -6.8440916e-07    3.7820036e-07    0.00069745131
         1        14    5.1808894e-08    3.7542353e-07    0.00069233047
         1        15    4.5582046e-07    4.3758334e-07    0.00080696134
         1        16    1.6131383e-07    5.7218541e-07    0.0010551853
         1        17    -4.5391595e-07    9.4871094e-07    0.001749548
         1        18    -1.1559269e-06    1.13796e-06    0.0020985481
         1        19    4.3970713e-07    8.6527318e-07    0.0015956778
         1        20    -1.3311525e-07    6.2239061e-07    0.0011477703
         1        21    -9.173756e-07    5.2321306e-07    0.00096487382
         1        22    -9.3542712e-08    4.9124709e-07    0.00090592437
         1        23    -6.8092592e-07    5.3073655e-07    0.00097874813
         1        24    -1.3750828e-07    5.4877181e-07    0.0010120075
         1        25    9.5403999e-08    8.6888496e-07    0.0016023384
         1        26    2.6724503e-07    1.0396739e-06    0.0019172957
         1        27    7.831555e-07    1.3990619e-06    0.0025800546
         1        28    3.6512706e-07    1.0108186e-06    0.0018640827
         1        29    3.1404932e-07    7.7580503e-07    0.0014306867
         1        30    -1.099024e-06    6.708405e-07    0.0012371183
         1        31    1.7450746e-07    6.5582437e-07    0.0012094266
         1        32    8.3318354e-07    6.5756691e-07    0.00121264
         1        33    3.4511561e-07    7.761693e-07    0.0014313585
         1        34    3.9701152e-07    9.7042318e-07    0.0017895882
         1        35    -6.4263522e-07    2.8833262e-06    0.0053172334
         2        0    1.2637609e-07    3.0732923e-07    0.00056675559
         2        1    1.1266726e-08    2.1190991e-07    0.0003907898
         2        2    1.1125426e-07    1.4312846e-07    0.00026394774
         2        3    3.1381692e-08    1.1802797e-07    0.00021765913
         2        4    -2.4607638e-07    1.1395923e-07    0.00021015583
         2        5    -2.5297682e-07    1.1681677e-07    0.00021542552
         2        6    -3.3313313e-08    1.3387738e-07    0.00024688753
         2        7    2.3610936e-07    1.93078e-07    0.00035606127
         2        8    2.1059158e-07    2.8735291e-07    0.00052991664
         2        9    3.5176679e-07    3.5124206e-07    0.00064773664
         2        10    8.6592741e-08    2.3563767e-07    0.00043454692
         2        11    3.6001385e-07    1.6765948e-07    0.00030918617
         2        12    -5.2643117e-08    1.3892884e-07    0.00025620309
         2        13    1.8291249e-08    1.3407309e-07    0.00024724844
         2        14    2.441096e-07    1.3697254e-07    0.00025259541
         2        15    1.2338524e-07    1.5736785e-07    0.00029020705
         2        16    -1.334385e-07    2.1821963e-07    0.00040242575
         2        17    -2.221877e-08    3.2321193e-07    0.00059604539
         2        18    -3.3538437e-07    4.327371e-07    0.00079802423
         2        19    -1.4125968e-07    3.1214901e-07    0.0005756439
         2        20    1.7551427e-07    2.167274e-07    0.00039967389
         2        21    -5.9655716e-08    1.8021187e-07    0.00033233444
         2        22    1.293497e-07    1.731789e-07    0.00031936472
         2        23    1.7611946e-07    1.7789029e-07    0.00032805314
         2        24    -1.731964e-07    2.0421779e-07    0.00037660451
         2        25    5.7454105e-08    2.8308242e-07    0.00052204129
         2        26    -3.0163154e-07    4.1710652e-07    0.00076919939
         2        27    8.9957329e-07    6.2628625e-07    0.0011549544
         2        28    2.0026752e-07    4.1089191e-07    0.00075773882
         2        29    -3.5388784e-08    2.9847298e-07    0.0005504235
         2        30    -5.0037636e-08    2.444261e-07    0.00045075394
         2        31    -3.1471383e-07    2.3608404e-07    0.00043537007
         2        32    -4.865682e-08    2.404825e-07    0.00044348142
         2        33    1.8952285e-07    2.7739795e-07    0.00051155838
         2        34    3.7311658e-07    3.7560698e-07    0.00069266876
         2        35    -2.8424532e-09    5.6334212e-07    0.0010388771
         3        0    -1.6053337e-06    7.6061871e-07    0.0014026811
         3        1    -1.6412005e-07    5.6166408e-07    0.0010357826
         3        2    3.8733206e-07    4.0527637e-07    0.00074738303
         3        3    9.6006505e-07    3.3584325e-07    0.0006193392
         3        4    3.0154577e-07    3.180569e-07    0.00058653883
         3        5    2.9514762e-07    3.2736706e-07    0.000603708
         3        6    5.643116e-07    3.7372766e-07    0.00068920304
         3        7    7.6470858e-07    5.0756602e-07    0.00093601862
         3        8    -1.447017e-06    7.5320296e-07    0.0013890055
         3        9    8.9325309e-07    1.6341242e-06    0.0030135404
         3        10    -2.8471869e-07    6.9797759e-07    0.0012871626
         3        11    -1.0931491e-07    5.4067806e-07    0.0009970816
         3        12    -1.5433765e-07    4.4354964e-07    0.00081796399
         3        13    -8.7909036e-09    4.2783281e-07    0.00078898008
         3        14    9.446414e-07    4.2781967e-07    0.00078895584
         3        15    7.4690658e-07    5.1335384e-07    0.00094669213
         3        16    4.3163707e-07    6.6268812e-07    0.0012220842
         3        17    1.9243104e-06    1.1166084e-06    0.002059173
         3        18    -3.1927349e-06    1.5514584e-06    0.0028610938
         3        19    -1.0737169e-06    1.1158245e-06    0.0020577274
         3        20    3.5187823e-07    6.7285217e-07    0.0012408281
         3        21    -4.1431524e-07    6.0322018e-07    0.0011124175
         3        22    -8.4139218e-07    5.9099604e-07    0.0010898746
         3        23    -9.7568282e-08    6.298425e-07    0.0011615126
         3        24    -9.4661153e-08    6.588008e-07    0.0012149155
         3        25    1.9374524e-07    1.0134689e-06    0.0018689701
         3        26    1.2507066e-06    1.4030537e-06    0.0025874159
         3        27    3.7936963e-06    3.3957085e-06    0.0062621339
         3        28    7.3922871e-07    1.5836489e-06    0.0029204573
         3        29    9.4982177e-07    8.1594448e-07    0.0015047091
         3        30    2.2595754e-06    8.2248495e-07    0.0015167706
         3        31    3.2453502e-07    7.685469e-07    0.0014173018
         3        32    2.9816601e-07    7.8584096e-07    0.0014491943
         3        33    3.967087e-08    7.5736812e-07    0.0013966866
         3        34    -6.9781551e-07    1.1297091e-06    0.0020833324
         3        35    -5.2756468e-07    2.9298065e-06    0.0054029493
