                         20100                                                   1
                         20101                                                   1
                         20102                                                   1
                         20103                                                   1
                         20104                                                   1
                         20105                                                   1
                         20106                                                   1
                         20107                                                   1
                         20108                                                   1
                         20109                                                   1
                         20110                                                   1
                         20111                                                   1
                         20112                                                   1
                         20113                                                   1
                         20114                                                   1
                         20115                                                   1
                         20116                                                   1
                         20117                                                   1
                         20118                                                   -5
                         20119                                                   1
                         20120                                                   1
                         20121                                                   1
                         20122                                                   1
                         20123                                                   -2
                         20124                                                   -2
                         20125                                                   -2
                         20126                                                   -2
                         20127                                                   -2
                         20128                                                   -2
                         20129                                                   -2
                         20130                                                   -2
                         20131                                                   -2
                         20132                                                   -2
                         20133                                                   -2
                         20134                                                   -2
                         20135                                                   -2
                         20136                                                   -2
                         20137                                                   -2
                         20138                                                   -2
                         20139                                                   -2
                         20140                                                   -2
                         20141                                                   -2
                         20142                                                   -2
                         20143                                                   -2
                         20144                                                   -2
                         20145                                                   -2
                         20146                                                   -3
                         20147                                                   -2
                         20148                                                   -2
                         20149                                                   1
                         20150                                                   1
                         20151                                                   1
                         20152                                                   1
                         20153                                                   -2
                         20154                                                   1
                         20155                                                   1
                         20156                                                   1
                         20157                                                   1
                         20158                                                   1
                         20159                                                   1
                         20160                                                   1
                         20161                                                   1
                         20162                                                   1
                         20163                                                   1
                         20164                                                   1
                         20165                                                   1
                         20166                                                   1
                         20167                                                   1
                         20168                                                   1
                         20169                                                   1
                         20170                                                   1
                         20171                                                   1
                         20172                                                   1
                         20173                                                   1
                         20174                                                   1
                         20175                                                   1
                         20176                                                   1
                         20177                                                   1
                         20178                                                   1
                         20179                                                   1
                         20180                                                   1
                         20181                                                   1
                         20182                                                   1
                         20183                                                   1
                         20184                                                   1
                         20185                                                   1
                         20186                                                   1
                         20187                                                   1
                         20188                                                   1
                         20189                                                   -2
                         20190                                                   1
                         20191                                                   1
                         20192                                                   -2
                         20193                                                   1
                         20194                                                   1
                         20195                                                   1
                         20196                                                   1
                         20197                                                   1
                         20198                                                   1
                         20199                                                   1
                         20200                                                   1
                         20201                                                   1
                         20202                                                   1
                         20203                                                   1
                         20204                                                   1
                         20205                                                   1
                         20206                                                   1
                         20207                                                   1
                         20208                                                   1
                         20209                                                   -5
                         20210                                                   1
                         20211                                                   1
                         20212                                                   1
                         20213                                                   1
                         20214                                                   1
                         20215                                                   1
                         20216                                                   1
                         20217                                                   -2
                         20218                                                   1
                         20219                                                   1
                         20220                                                   1
                         20221                                                   1
                         20222                                                   1
                         20223                                                   1
                         20224                                                   1
                         20225                                                   1
                         20226                                                   1
                         20227                                                   1
                         20228                                                   1
                         20229                                                   1
                         20230                                                   1
                         20231                                                   1
                         20232                                                   1
                         20233                                                   1
                         20234                                                   1
                         20235                                                   1
                         20236                                                   1
                         20237                                                   1
                         20238                                                   1
                         20239                                                   1
                         20240                                                   -5
                         20241                                                   1
                         20242                                                   1
                         20243                                                   1
                         20244                                                   1
                         20245                                                   1
                         20246                                                   1
                         20247                                                   1
                         20248                                                   1
                         20249                                                   1
                         20250                                                   1
                         20251                                                   1
                         20252                                                   1
                         20253                                                   1
                         20254                                                   1
                         20255                                                   1
                         20256                                                   1
                         20257                                                   1
                         20258                                                   1
                         20259                                                   -5
                         20260                                                   1
                         20261                                                   1
                         20262                                                   1
                         20263                                                   1
                         20264                                                   1
                         20265                                                   1
                         20266                                                   1
                         20267                                                   1
                         20268                                                   1
                         20269                                                   1
                         20270                                                   1
                         20271                                                   1
                         20272                                                   1
                         20273                                                   1
                         20274                                                   -5
                         20275                                                   1
                         20276                                                   1
                         20277                                                   -5
                         20278                                                   1
                         20279                                                   1
                         20280                                                   1
                         20281                                                   1
                         20282                                                   -2
                         20283                                                   -2
                         20284                                                   1
                         20285                                                   1
                         20286                                                   -5
                         20287                                                   1
                         20288                                                   1
                         20289                                                   1
                         20290                                                   -5
                         20291                                                   1
                         20292                                                   1
                         20293                                                   -5
                         20294                                                   1
                         20295                                                   1
                         20296                                                   1
                         20297                                                   1
                         20298                                                   1
                         20299                                                   1
                         20300                                                   1
                         20301                                                   1
                         20302                                                   1
                         20303                                                   1
                         20304                                                   1
                         20305                                                   1
                         20306                                                   1
                         20307                                                   -5
                         20308                                                   1
                         20309                                                   -5
                         20310                                                   1
                         20311                                                   1
                         20312                                                   1
                         20313                                                   1
                         20314                                                   1
                         20315                                                   1
                         20316                                                   1
                         20317                                                   1
                         20318                                                   1
                         20319                                                   1
                         20320                                                   1
                         20321                                                   1
                         20322                                                   1
                         20323                                                   1
                         20324                                                   1
                         20325                                                   1
                         20326                                                   1
                         20327                                                   1
                         20328                                                   1
                         20329                                                   1
                         20330                                                   -5
                         20331                                                   1
                         20332                                                   -5
                         20333                                                   1
                         20334                                                   1
                         20335                                                   -5
                         20336                                                   1
                         20337                                                   1
                         20338                                                   -5
                         20339                                                   1
                         20340                                                   1
                         20341                                                   1
                         20342                                                   1
                         20343                                                   1
                         20344                                                   -5
                         20345                                                   1
                         20346                                                   1
                         20347                                                   1
                         20348                                                   1
                         20349                                                   1
                         20350                                                   1
                         20351                                                   1
                         20352                                                   1
                         20353                                                   1
                         20354                                                   1
                         20355                                                   1
                         20356                                                   1
                         20357                                                   1
                         20358                                                   1
                         20359                                                   1
                         20360                                                   1
                         20361                                                   1
                         20362                                                   1
                         20363                                                   1
                         20364                                                   1
                         20365                                                   -2
                         20366                                                   1
                         20367                                                   1
                         20368                                                   1
                         20369                                                   1
                         20370                                                   1
                         20371                                                   1
                         20372                                                   -5
                         20373                                                   -2
                         20374                                                   1
                         20375                                                   -5
                         20376                                                   1
                         20377                                                   1
                         20378                                                   1
                         20379                                                   1
                         20380                                                   1
                         20381                                                   1
                         20382                                                   1
                         20383                                                   1
                         20384                                                   1
                         20385                                                   1
                         20386                                                   1
                         20387                                                   1
                         20388                                                   1
                         20389                                                   1
                         20390                                                   1
                         20391                                                   -5
                         20392                                                   1
                         20393                                                   1
                         20394                                                   1
                         20395                                                   1
                         20396                                                   1
                         20397                                                   1
                         20398                                                   1
                         20399                                                   1
                         20400                                                   1
                         20401                                                   1
                         20402                                                   1
                         20403                                                   1
                         20404                                                   1
                         20405                                                   1
                         20406                                                   1
                         20407                                                   1
                         20408                                                   -5
                         20409                                                   1
                         20410                                                   1
                         20411                                                   -5
                         20412                                                   1
                         20413                                                   1
                         20414                                                   1
                         20415                                                   1
                         20416                                                   1
                         20417                                                   1
                         20418                                                   1
                         20419                                                   1
                         20420                                                   1
                         20421                                                   -5
                         20422                                                   1
                         20423                                                   1
                         20424                                                   1
                         20425                                                   1
                         20426                                                   -5
                         20427                                                   1
                         20428                                                   1
                         20429                                                   1
                         20430                                                   1
                         20431                                                   1
                         20432                                                   1
                         20433                                                   1
                         20434                                                   1
                         20435                                                   1
                         20436                                                   1
                         20437                                                   1
                         20439                                                   -1
                         20440                                                   -2
                         20441                                                   -2
                         20442                                                   -2
                         20443                                                   -3
                         20444                                                   -2
                         20445                                                   -2
                         20446                                                   -2
                         20447                                                   -2
                         20448                                                   -2
                         20449                                                   -2
                         20450                                                   -2
                         20451                                                   -2
                         20452                                                   -2
                         20453                                                   -2
                         20454                                                   -2
                         20455                                                   -2
                         20456                                                   -2
                         20457                                                   -2
                         20458                                                   -2
                         20459                                                   -2
                         20460                                                   -2
                         20461                                                   -2
                         20462                                                   -2
                         20463                                                   -2
                         20464                                                   -2
                         20465                                                   -2
                         20466                                                   -2
                         20467                                                   -2
                         20468                                                   -2
                         20469                                                   -2
                         20470                                                   -2
                         20471                                                   -2
                         20472                                                   -2
                         20473                                                   -2
                         20474                                                   -2
                         20475                                                   -2
                         20476                                                   -2
                         20477                                                   -2
                         20478                                                   -2
                         20479                                                   -2
                         20480                                                   -2
                         20481                                                   -2
                         20482                                                   -2
                         20483                                                   -2
                         20484                                                   -2
                         20485                                                   -2
                         20486                                                   -2
                         20487                                                   -2
                         20488                                                   -2
                         20489                                                   -2
                         20490                                                   -2
                         20491                                                   -2
                         20492                                                   -2
                         20493                                                   -2
                         20494                                                   -2
                         20495                                                   -2
                         20496                                                   -2
                         20497                                                   -2
                         20498                                                   -2
                         20499                                                   -2
                         20500                                                   -2
