         0        0    -2.3666833e-07    2.0388978e-07    0.00058996637
         0        1    -4.0086704e-07    1.3924786e-07    0.0004029214
         0        2    -5.6858676e-08    9.1919381e-08    0.00026597382
         0        3    -1.0033212e-08    7.5408586e-08    0.00021819892
         0        4    -1.7300951e-08    7.1977057e-08    0.0002082696
         0        5    6.7161003e-07    4.0693684e-07    0.0011774943
         0        6    -2.2744364e-08    6.0540697e-08    0.00017517786
         0        7    2.3888578e-07    1.2979444e-07    0.0003755674
         0        8    5.7723251e-07    2.037733e-07    0.00058962934
         0        9    -2.2677564e-07    2.0897028e-07    0.00060466709
         0        10    -1.7889074e-07    1.4083964e-07    0.00040752731
         0        11    -1.3534555e-07    9.8370034e-08    0.00028463914
         0        12    5.135502e-08    8.0866713e-08    0.00023399232
         0        13    9.2168419e-08    7.7184448e-08    0.00022333748
         0        14    2.7579477e-08    7.8720869e-08    0.0002277832
         0        15    2.3002637e-07    9.3000928e-08    0.00026910334
         0        16    3.7996046e-07    1.3270934e-07    0.00038400182
         0        17    6.3247095e-07    1.9289105e-07    0.00055814094
         0        18    -3.4388828e-07    2.5298926e-07    0.00073203844
         0        19    -3.688471e-07    1.700798e-07    0.00049213534
         0        20    -1.794339e-07    1.2277394e-07    0.00035525321
         0        21    -3.3677508e-08    1.0089742e-07    0.00029195227
         0        22    7.7786147e-09    9.6379594e-08    0.0002788797
         0        23    4.3895861e-09    9.788491e-08    0.00028323541
         0        24    4.7614799e-08    1.1491953e-07    0.00033252604
         0        25    1.3200209e-07    1.601005e-07    0.00046325967
         0        26    4.0022615e-07    2.3368782e-07    0.00067618865
         0        27    -1.6707068e-07    3.1006684e-07    0.00089719558
         0        28    -5.7125002e-07    2.3198081e-07    0.00067124934
         0        29    8.9549086e-08    1.662741e-07    0.00048112333
         0        30    -3.2668409e-07    1.3748641e-07    0.00039782456
         0        31    1.0716594e-08    1.2989624e-07    0.00037586196
         0        32    -4.5956512e-08    1.3384659e-07    0.00038729251
         0        33    1.502671e-07    1.5768638e-07    0.00045627427
         0        34    2.765661e-07    2.2457552e-07    0.00064982172
         0        35    5.7210353e-07    3.3707166e-07    0.00097533552
         1        0    -2.4683993e-07    4.3262303e-07    0.0012518187
         1        1    -5.7772468e-07    3.3682931e-07    0.00097463428
         1        2    -3.1966727e-07    2.3071801e-07    0.00066759535
         1        3    -2.6362019e-07    1.9286143e-07    0.00055805524
         1        4    -2.3909372e-07    1.7784682e-07    0.00051460964
         1        5    -1.709997e-07    1.8435788e-07    0.00053344973
         1        6    -9.762929e-08    2.1538983e-07    0.00062324241
         1        7    -3.1547411e-07    3.1359921e-07    0.00090741669
         1        8    3.8542734e-07    4.1043034e-07    0.0011876029
         1        9    -1.3883634e-07    6.3580414e-07    0.0018397345
         1        10    7.609941e-08    4.2121577e-07    0.0012188112
         1        11    1.2342348e-07    3.2220235e-07    0.00093231035
         1        12    1.8054452e-07    2.6717205e-07    0.00077307713
         1        13    -2.5407326e-08    2.5362252e-07    0.00073387083
         1        14    4.9394321e-08    2.5115703e-07    0.00072673678
         1        15    9.7730099e-08    2.9884486e-07    0.00086472418
         1        16    3.8558475e-07    3.9165778e-07    0.0011332835
         1        17    1.223878e-06    6.6512638e-07    0.00192458
         1        18    2.050353e-08    8.0003152e-07    0.0023149355
         1        19    3.1059532e-07    6.1306304e-07    0.0017739319
         1        20    -5.881014e-07    4.4084262e-07    0.0012756026
         1        21    -7.9890179e-07    3.6563332e-07    0.0010579803
         1        22    -6.5171123e-07    3.3576166e-07    0.00097154496
         1        23    -1.985386e-07    3.6505226e-07    0.0010562989
         1        24    1.9145562e-07    3.7827763e-07    0.0010945673
         1        25    -8.4396018e-09    6.2452202e-07    0.0018070891
         1        26    1.1904543e-06    7.2171563e-07    0.0020883242
         1        27    2.0015685e-06    9.8614159e-07    0.0028534553
         1        28    6.4561711e-07    7.1319236e-07    0.0020636616
         1        29    -2.8411579e-07    5.5339e-07    0.0016012646
         1        30    -6.3032685e-07    4.7458996e-07    0.0013732524
         1        31    2.5702226e-07    4.5803446e-07    0.0013253481
         1        32    -5.4400386e-07    4.5774835e-07    0.0013245202
         1        33    -2.8619432e-07    5.5197799e-07    0.0015971789
         1        34    -1.1340327e-06    6.8510585e-07    0.0019823917
         1        35    -9.6284047e-08    2.6793098e-06    0.0077527314
         2        0    4.1219365e-08    1.9709399e-07    0.00057030239
         2        1    -1.1615778e-07    1.3554094e-07    0.00039219521
         2        2    -8.3121193e-08    9.1968391e-08    0.00026611564
         2        3    6.3994078e-08    7.5138914e-08    0.00021741861
         2        4    2.1630518e-07    7.1586238e-08    0.00020713875
         2        5    8.3262608e-08    7.3316167e-08    0.00021214439
         2        6    1.0450351e-07    8.6650565e-08    0.00025072821
         2        7    2.5965444e-07    1.2693336e-07    0.00036728872
         2        8    4.4325339e-07    1.8690612e-07    0.00054082322
         2        9    -5.9656687e-07    2.2708718e-07    0.00065708936
         2        10    -1.7550691e-07    1.5179828e-07    0.00043923674
         2        11    -2.0037553e-08    1.0867578e-07    0.0003144594
         2        12    5.7940593e-08    8.9332313e-08    0.000258488
         2        13    -3.3375627e-08    8.5101274e-08    0.00024624525
         2        14    -1.0589678e-08    8.6923024e-08    0.00025151659
         2        15    5.301562e-08    1.0232115e-07    0.00029607192
         2        16    3.2272414e-07    1.4319636e-07    0.00041434661
         2        17    3.8845911e-07    2.1061587e-07    0.00060942869
         2        18    -5.0971561e-07    2.8264128e-07    0.0008178382
         2        19    -3.7297078e-07    2.0394458e-07    0.00059012494
         2        20    -1.4502742e-07    1.4208916e-07    0.00041114285
         2        21    -1.9961358e-07    1.1696694e-07    0.00033845033
         2        22    -1.194105e-07    1.1093776e-07    0.00032100455
         2        23    -8.3679165e-08    1.1386972e-07    0.00032948834
         2        24    1.9862353e-08    1.336937e-07    0.00038685012
         2        25    1.4735237e-07    1.8717873e-07    0.00054161204
         2        26    5.1721879e-07    2.7459483e-07    0.00079455535
         2        27    -5.6864103e-07    4.1900416e-07    0.0012124118
         2        28    -5.8467924e-08    2.7328779e-07    0.00079077338
         2        29    4.5519561e-08    1.9959471e-07    0.00057753835
         2        30    -2.4248195e-07    1.6135165e-07    0.00046687994
         2        31    -3.6187152e-08    1.5338187e-07    0.00044381894
         2        32    -4.2852089e-08    1.5622251e-07    0.00045203848
         2        33    2.6045682e-07    1.8440369e-07    0.00053358231
         2        34    5.7714852e-07    2.5168522e-07    0.00072826513
         2        35    9.09072e-07    3.7586261e-07    0.0010875793
         3        0    -2.1886805e-07    5.1540558e-07    0.0014913546
         3        1    -2.5496714e-07    3.8228044e-07    0.0011061496
         3        2    -7.3218733e-08    2.7687026e-07    0.00080113943
         3        3    -1.5053622e-07    2.2631879e-07    0.00065486597
         3        4    1.2964071e-08    2.1069457e-07    0.00060965642
         3        5    -7.8002758e-08    2.1686973e-07    0.00062752459
         3        6    -1.5187237e-07    2.5245783e-07    0.00073050072
         3        7    5.7864056e-08    3.4546451e-07    0.00099962071
         3        8    9.2822577e-08    5.1278731e-07    0.0014837785
         3        9    -1.2928094e-06    1.2644551e-06    0.0036587709
         3        10    -1.0294938e-06    4.8131152e-07    0.0013927016
         3        11    -1.9126076e-07    3.7811857e-07    0.001094107
         3        12    1.8575883e-07    3.044313e-07    0.00088088885
         3        13    -1.8226391e-07    2.8915125e-07    0.00083667516
         3        14    -4.0112825e-07    2.8889828e-07    0.00083594318
         3        15    -1.8274933e-07    3.5445648e-07    0.0010256395
         3        16    1.8908384e-07    4.5813959e-07    0.0013256523
         3        17    3.528015e-07    7.922425e-07    0.0022923976
         3        18    1.3025336e-06    1.1429643e-06    0.0033072305
         3        19    2.0840019e-07    8.2178594e-07    0.0023778832
         3        20    -5.0573241e-07    4.7554258e-07    0.0013760088
         3        21    -2.7862766e-07    4.2502091e-07    0.0012298215
         3        22    -2.8802204e-07    4.1072227e-07    0.0011884477
         3        23    -2.6457008e-08    4.4115441e-07    0.0012765047
         3        24    5.3081564e-07    4.6124346e-07    0.0013346335
         3        25    -2.7800846e-07    7.3802142e-07    0.0021355059
         3        26    1.388957e-06    1.0022147e-06    0.0028999637
         3        27    1.5961636e-06    3.2560255e-06    0.0094214901
         3        28    7.6023581e-08    1.2245444e-06    0.0035432872
         3        29    7.4974004e-07    8.1552159e-07    0.0023597569
         3        30    -1.2886272e-06    5.9494583e-07    0.0017215087
         3        31    -1.6335568e-07    5.4175352e-07    0.0015675938
         3        32    -9.8253361e-07    5.5513858e-07    0.0016063242
         3        33    -7.7940568e-07    5.2430858e-07    0.0015171159
         3        34    -1.5882384e-07    8.0349868e-07    0.002324968
         3        35    1.4930639e-06    2.5421759e-06    0.0073559269
